3000 3 200 1 820 500 1
3500 3 200 1 820 500 1
4000 3 200 1 820 500 1
4500 3 200 1 820 500 1
5000 3 200 1 820 500 1
5500 3 200 1 820 500 1
6000 3 200 1 820 500 1

3000 3 200 1 820 200 1
3500 3 200 1 820 200 1
4000 3 200 1 820 200 1
4500 3 200 1 820 200 1
5000 3 200 1 820 200 1
5500 3 200 1 820 200 1
6000 3 200 1 820 200 1

3000 3 200 2 820 620 1
3500 3 200 2 820 620 1
4000 3 200 2 820 620 1
4500 3 200 2 820 620 1
5000 3 200 2 820 620 1
5500 3 200 2 820 620 1
6000 3 200 2 820 620 1

3000 3 200 1 820 500 1
3500 3 200 1 820 500 1
4000 3 200 1 820 500 1
4500 3 200 1 820 500 1
5000 3 200 1 820 500 1
5500 3 200 1 820 500 1
6000 3 200 1 820 500 1

3000 3 200 1 820 200 1
3500 3 200 1 820 200 1
4000 3 200 1 820 200 1
4500 3 200 1 820 200 1
5000 3 200 1 820 200 1
5500 3 200 1 820 200 1
6000 3 200 1 820 200 1

7000 3 200 2 820 620 1
7500 3 200 2 820 620 1
8000 3 200 2 820 620 1
8500 3 200 2 820 620 1
9000 3 200 2 820 620 1
9500 3 200 2 820 620 1
10000 3 200 2 820 620 1

7000 3 200 1 820 500 1
7500 3 200 1 820 500 1
8000 3 200 1 820 500 1
8500 3 200 1 820 500 1
9000 3 200 1 820 500 1
9500 3 200 1 820 500 1
10000 3 200 1 820 500 1

11000 3 200 1 820 200 1
13500 3 200 1 820 200 1
14000 3 200 1 820 200 1
15500 3 200 1 820 200 1
16000 3 200 1 820 200 1
17500 3 200 1 820 200 1
19000 3 200 1 820 200 1

10000 3 200 2 820 620 1
13500 3 200 2 820 620 1
14000 3 200 2 820 620 1
16500 3 200 2 820 620 1
17000 3 200 2 820 620 1
17500 3 200 2 820 620 1
19000 3 200 2 820 620 1